37517.137870
28380.699470
25425.112470
23603.423270
13337.399270
3223.171470
-944.124530
-3179.567530
-10600.496040
-19856.337950
-18344.999180
-15620.743130
-11481.291480
-2985.183530
-6373.985530
-1414.509530
10062.182570
10857.869770
10975.794790
18734.328290
25407.749290
17281.848790
12756.434090
15286.285460
20811.287960
24052.458960
13882.724410
20474.948060
19018.432960
15086.496710
15511.449960
19987.075100
21097.224800
23406.066700
21765.838300
23118.631350
21933.221250
19102.681350
24763.119450
22680.989850
22005.856650
14923.185250
12476.175250
5997.185750
4915.878550
3657.015550
5124.157510
-3408.466490
-3960.130490
-3796.664621
-1192.338451
-5973.632301
-977.160751
5025.094749
9283.808749
14165.890689
14348.086889
20921.698889
23478.738539
28301.585089
32610.077489
33945.562189
31138.653689
24313.542689
24694.400989
22306.956289
20001.668589
16382.450689
9834.090439
8616.616789
341.973289
3491.516789
5081.121089
5960.234479
6098.286149
6293.596459
10798.901959
8691.549059
15988.981559
16886.770099
19371.118749
23348.369749
25129.365449
27361.365849
22946.141849
23412.339934
22049.286789
17830.707289
16511.514480
10651.754980
4473.636980
244.325480
-4705.228920
-838.091420
3556.299080
3910.355180
3315.412380
9234.726380
13392.959380
16862.369580
19403.921280
25998.366780
26403.949230
26737.052824
26639.255924
29277.783974
30484.895394
28849.227844
25379.169344
22973.841844
20411.762844
13398.244844
6708.694844
4053.395179
4003.483753
1371.715753
-1815.987247
-243.875087
2759.875413
7376.041413
9303.559813
15289.043813
23393.527313
27626.530313
26835.928013
27091.330153
31371.202153
35144.117053
31699.505153
29457.925003
28560.462853
24369.042353
15668.797853
9944.261753
9158.815950
6636.730350
264.249850
-3687.644100
-2771.134430
-2954.755220
-2411.566260
-2713.411710
4849.936790
10010.360290
12879.902290
15374.273790
23006.705290
30596.342290
33439.418790
36875.982790
39451.530290
40615.595390
39902.498390
34301.309890
31547.904640
30024.009690
26564.584690
19789.081190
14695.632190
13247.048590
9828.912090
6305.415590
5682.016740
7087.032390
6493.732567
2664.916567
1905.056945
4049.208095
7442.922095
8080.843536
8451.899026
11809.752426
13305.089576
11195.702626
13143.039276
16150.831276
18322.454426
17461.585626
17764.026076
18585.311276
19679.099476
21892.096426
23566.853676
27679.509676
30567.252676
33128.271726
34118.129576
36967.311076
37928.791826
38671.958826
37861.190626
37252.128626
34377.455126
27834.802126
20144.996626
15597.514126
10298.680126
5270.497126
-951.986374
-6782.347874
-10053.812874
-11871.545474
-12001.248608
-10971.363158
-6611.348158
-5153.840158
-1407.059158
4651.964842
11453.649342
19794.670842
27323.945342
35043.546842
41658.179842
46145.557342
48666.562342
50475.312942
51038.348472
48805.861872
44378.777872
39333.698872
32912.472372
26390.288872
19381.830372
14032.233372
9613.550372
6681.711872
2883.082372
-552.212128
-2085.611178
-738.924188
1139.206812
3358.600812
6967.284812
9246.728812
11277.909312
13558.898812
16730.051812
21078.025312
22687.937292
22732.689052
23173.973262
23084.186057
22693.489652
20709.564652
21379.594272
19944.494272
18902.087772
17257.660272
16642.685312
19002.837312
21108.796812
23044.789212
26077.249712
29531.650712
31262.353612
32287.742612
32071.186237
33088.637690
32511.430160
30457.636160
26689.696660
22663.356160
19814.273160
15432.576160
12304.459160
10816.911260
8930.979210
5535.800960
2088.371960
576.622360
2387.972510
2735.443600
4478.343100
7297.370600
12843.198600
16652.536100
20501.540600
26205.559100
32307.271100
35191.239990
35452.217130
35570.091310
36544.536060
35415.377580
31982.405080
30439.264180
27764.800680
24572.475180
19622.727680
16542.120180
14990.796880
13412.113480
11933.908980
10825.063660
12093.540560
13390.736460
13988.970923
15378.539823
18759.118823
22051.041323
23629.494923
24339.343173
24799.934133
25824.274673
25337.393873
24096.938553
25008.749783
24486.001833
21017.471333
17900.424833
16418.703433
15481.953033
14257.345333
13720.590313
14121.950156
15983.551156
16628.026256
18237.328056
21571.284056
25729.481056
27856.516456
28808.757456
29607.040556
30372.426906
30059.358319
28090.528919
26390.532919
25194.765719
22858.883719
19235.864219
17475.856719
15360.409719
14392.826819
12920.632519
12885.374647
13816.522097
14899.472177
15143.721437
17251.482487
21620.247987
25608.056987
28850.369987
30569.557487
33906.942987
36216.113737
36349.575227
37133.279372
35751.014722
33446.475872
28666.131872
23078.336372
18627.970872
14060.024372
9508.954372
5971.160872
4982.448572
3465.636572
2502.921322
3492.237272
6147.414172
9327.867172
13498.851672
17354.030672
21467.574172
26562.696672
30487.334672
34657.625672
39595.962172
42935.249672
44363.876372
44170.923602
42506.026302
39940.117302
36890.733302
33403.682302
27380.630802
23324.080802
18320.230302
13850.944802
11050.540802
9592.357152
9228.176512
8293.619312
8648.539862
9478.842112
11175.461412
11655.672819
14203.279769
16874.692769
18957.575769
20958.882219
21841.009569
23626.620469
24509.819869
25004.364319
25659.852919
25556.284879
25706.825019
24727.070219
24950.366039
25259.624059
26833.822209
28454.232209
30204.658709
31296.402359
32783.377809
34542.835609
35417.929509
36702.704359
37222.208559
37942.871964
35359.086119
32933.665619
30576.734619
26863.542619
23137.328619
17417.275619
13154.490119
9387.505119
4648.108619
1877.316619
464.328069
1036.924049
1649.393699
3067.758749
6476.825249
10934.525749
15644.663749
20535.186749
26108.674249
31669.382749
36453.911749
40161.139749
43029.470749
45736.768249
47806.637249
48025.108839
45851.362389
45103.947299
40035.523799
35447.632299
29992.283799
26447.574299
22250.629299
17351.789799
14508.732299
11766.941674
11383.944569
9996.681684
10501.214138
12330.369138
14343.180138
15024.864408
16016.522988
17994.433488
20374.281188
21036.001288
22261.710888
24064.945188
24634.536438
24889.353848
24397.577398
25092.888788
26266.642188
25910.649588
25987.882011
26099.489221
25953.142761
27184.402211
28240.501861
30235.163861
32701.795361
34626.147861
35401.647169
36539.133624
37639.802724
37535.160144
36634.708994
34400.900894
32088.919394
27748.590894
23679.084394
19512.709394
16627.281894
14162.262894
10665.852894
9170.500344
7631.078094
7460.789244
8049.284144
9667.081594
13298.325094
16723.406094
20417.008594
24646.144594
29271.631594
33742.392594
37156.216094
40567.238594
42458.714594
43617.651954
42868.441904
41026.856404
39094.942904
36497.608904
32752.063904
28835.607904
24482.015904
21082.515904
16499.505404
15246.238904
13410.164204
13124.028809
13627.765754
14518.433804
16659.624304
19785.823304
23083.647304
26364.242804
29199.574804
32233.186304
33178.221742
33946.509192
35331.832792
35100.901570
34605.674625
33061.003125
31168.451625
28882.204625
26590.270125
23753.933125
21336.465875
19927.592325
18463.043825
16952.310575
16722.380315
17594.900115
18957.199015
21981.668015
24014.775015
27220.399015
28567.844365
29945.825715
31544.968665
32080.239235
32597.631136
31478.117836
30181.387036
28854.656836
26629.194336
25599.786086
24179.636436
23062.729036
23338.571596
22180.410696
22642.826376
21546.825046
23752.894796
25096.279846
26283.771096
28291.925596
29685.928996
32322.318996
32493.797067
33514.027817
34517.428957
33739.068407
33093.120042
30026.244042
28080.026542
25413.948542
21812.373042
18955.378042
16719.500042
15065.628542
13720.798442
12617.878242
13044.802952
15010.107302
17532.979802
20237.384802
23143.061302
27069.520802
30488.926802
33225.700302
36633.403302
39309.845302
42099.182302
42194.889682
41465.795332
40749.023782
39533.265082
37016.091582
34693.737582
31776.768582
28354.985082
24970.644582
21396.523582
19543.299582
17764.765282
16593.947082
15794.882432
16567.123456
17831.841306
19126.646206
20160.487306
22462.883806
24578.054806
26142.317856
26786.203856
27378.258506
27597.020086
27709.929766
26597.903816
27195.032656
26040.772936
25397.717526
25070.014926
24738.348696
26524.554696
27032.540976
28992.084126
30076.075176
31982.433676
33318.258076
35313.123576
38280.728076
39731.860776
41401.338826
41972.602926
41526.995036
40320.241606
37502.870106
35427.380106
31269.611606
27234.814106
22603.629606
17251.443106
13251.903106
8504.721606
6211.889606
4649.659706
4884.908506
5445.999456
7367.553006
10491.628506
15286.364506
20336.716006
25726.679006
31082.596006
35988.301506
41474.197506
45170.212006
48142.632006
50976.853006
51934.221256
51288.988386
49758.029086
46657.712586
43001.803586
37810.540086
33514.011586
29110.876086
24717.465586
19808.860086
16284.463086
13997.932586
12578.422786
11719.586436
12601.385236
13793.730636
15084.686736
16793.186736
19551.753736
23160.279736
24976.193736
27437.426236
29488.770936
31031.388936
31899.864236
32154.953636
32903.337706
32791.223096
32547.258671
32949.102646
32959.508363
32574.001183
31727.995333
32032.027048
32964.367448
33554.007648
33115.676448
32799.450378
33461.507728
33549.384604
34023.582810
33693.282400
32813.093300
31073.256250
29329.114850
26868.596350
25444.075450
23197.819450
20237.712950
18470.132450
16514.507800
16920.575650
16531.673120
17239.125870
19238.176870
22098.948870
25197.915870
27205.811870
29858.626870
33129.378370
35619.552870
38353.755870
39793.936470
41133.475120
41207.961760
40122.940960
38431.497010
37082.303760
35322.068910
31872.995910
28510.757410
24844.190910
22064.581410
19494.898410
17766.774510
16042.912110
17235.125400
17677.001470
19268.522020
22342.863020
25830.105020
28639.660520
31623.901520
35272.103020
37627.361520
40166.971020
39393.695410
39531.300240
40094.076480
39039.435230
35910.302730
33235.607230
30210.685730
27979.594730
24725.323730
22161.660230
20173.211230
18974.673380
17577.426630
18137.497790
18846.505090
20904.373390
23476.281890
25668.141890
29618.456390
31759.073690
34306.511790
36225.644940
36922.100790
38271.143740
38747.193980
37887.091930
35902.238430
34071.443630
32603.827630
29668.382130
27896.091130
25846.676630
24523.970510
24404.288290
22745.568845
23826.405350
25595.005250
26558.537550
28354.004050
30690.973050
32800.107550
34867.489850
35918.604750
37200.585050
37866.286829
37685.795169
37044.362829
35174.318079
33887.009379
30856.668879
28702.828879
25492.023879
23467.641529
21193.357779
18134.648029
16745.742929
16814.858813
18101.547313
19580.583613
21719.215113
24535.904113
27925.267113
31010.969613
34772.878113
37214.888113
39757.680613
41124.972913
42253.547513
42620.758993
42250.935038
41447.884323
40429.144673
38823.174673
36752.367173
34198.437173
31478.979173
28317.189673
25797.366173
24462.930873
22740.370373
21781.057173
21167.110023
22036.857803
22612.655323
22961.789733
24565.214833
25474.284357
26235.781557
26674.791677
27180.492637
28124.136827
27677.718227
27821.886877
28075.553927
28151.078930
28377.377285
28386.441715
29979.557515
31257.121315
32758.690415
34642.897415
36325.685415
38218.821715
38831.438305
41053.361905
42960.940405
44152.130950
43043.522965
42510.700215
40748.370965
39241.776165
36072.866665
32563.604665
28942.659665
24436.893665
20579.137665
16545.350165
13777.965665
11132.170165
9412.289365
9079.946354
10451.407404
12446.350404
15730.693404
19257.124404
23763.742904
29779.004904
35287.236404
39641.736404
43942.023404
47827.929404
50776.546404
52108.911804
52356.432204
52307.564554
49867.438554
46257.546554
41778.179554
38845.876054
33767.953054
29045.783054
24682.199554
21021.128054
18629.266054
15966.983554
15591.724984
15152.946361
16482.861511
17481.812761
19962.958761
23199.277261
26124.869761
29755.877261
32863.226761
35132.897261
37151.323761
38882.699861
38348.903111
38030.289011
37952.616291
36389.202841
35573.777242
33379.950242
32903.246552
31112.452702
29921.115992
29841.069484
29503.609909
30186.589300
30232.077025
31320.375835
31952.678315
33111.750365
34117.263265
35664.517215
36130.401345
36503.200042
36171.798462
35976.202502
34567.559032
33362.073182
32400.568982
30271.268232
28703.771432
26815.739782
25934.418432
25431.203182
25064.671612
26114.621962
27604.184412
29187.960112
30426.273262
32339.045212
34736.963762
36205.033462
38062.626612
39209.685262
39585.704892
40190.879092
38632.112842
38084.809692
37032.596092
35492.894692
32899.940692
31534.289742
29083.299792
27130.798792
26444.811062
25073.057362
25957.376962
26008.653562
27202.227962
28477.921162
31081.079662
33062.549462
35425.326962
37539.827462
39232.239862
41039.724112
41464.022712
41172.878561
41565.395001
40146.513651
38674.188351
36043.712851
33994.792351
31523.372351
29226.117351
27213.717351
25912.198151
25194.864951
24503.116641
25198.072091
25936.519191
27949.652691
28696.461101
30977.064601
33636.092601
35622.783601
37541.567701
38801.894701
40016.786701
39771.299698
40462.108528
38873.465768
37086.739568
35321.273568
33118.414568
31343.917468
29334.591968
28079.052668
27077.945368
26194.747248
26592.686233
27995.701133
29233.864483
30641.570333
33640.282333
36315.182333
