12505.729130
9460.247740
8475.052540
7867.820840
4445.809240
1074.399040
-314.701960
-1059.849660
-3533.492030
-6618.773110
-6114.993700
-5206.907730
-3827.089880
-995.054230
-2124.654130
-471.498780
3354.068175
3619.298130
3658.605869
6244.782369
8469.255369
5760.620269
4252.148469
5095.433159
6937.100889
8017.490589
4627.576444
6824.985199
6339.479749
5028.835299
5170.486309
6662.360638
7032.410238
7802.023478
7255.279878
7706.210261
7311.072661
6367.559731
8254.372281
7560.329211
7335.285711
4974.394211
4158.726211
1999.061961
1638.626611
1219.005451
1708.052038
-1136.154962
-1320.043152
-1265.554862
-397.445692
-1991.209762
-325.719512
1675.031738
3094.603038
4721.962688
4782.694488
6973.897488
7826.244278
9433.858738
10870.022388
11315.183988
10379.548188
8104.511838
8231.465388
7435.650788
6667.221688
5460.814548
3278.027448
2872.202728
113.987678
1163.835678
1693.703578
1986.741358
2032.758428
2097.861998
3599.631598
2897.179298
5329.656798
5628.919580
6457.036090
7782.787090
8376.452230
9120.452320
7648.711470
7804.110914
7349.759298
5943.566648
5503.835175
3550.580675
1491.208675
81.439275
-1568.410875
-279.366125
1185.431025
1303.449765
1105.135405
3078.239755
4464.317755
5620.787005
6467.970555
8666.118555
8801.312635
8912.347113
8879.748133
9759.257183
10161.627643
9616.405343
8459.719243
7657.943643
6803.917543
4466.078543
2236.228043
1351.128421
1334.491339
457.235239
-605.332761
-81.295661
919.954189
2458.678539
3101.184339
5096.344389
7797.838889
9208.840689
8945.306299
9030.440609
10457.063259
11714.700459
10566.497159
9819.304059
9520.149829
8123.010379
5222.928379
3314.749279
3052.933852
2212.238752
88.078252
-1229.218648
-923.715918
-984.922868
-803.860319
-904.475250
1616.640750
3336.782750
4293.297249
5124.753949
7668.897949
10198.778449
11146.470350
12291.991300
13150.507300
13538.529130
13300.829890
11433.766889
10515.965135
10008.000059
8854.857509
6596.358509
4898.542510
4415.681410
3276.302510
2101.803860
1894.004170
2362.342720
2164.575912
888.304312
635.017538
1349.734687
2480.973138
2693.613868
2817.299168
3936.582667
4435.028313
3731.898838
4381.010157
5383.608058
6107.482308
5820.526258
5921.339997
6195.101653
6559.697938
7297.363288
7855.615987
9226.501288
10189.082187
11042.755687
11372.708137
12322.436038
12642.929487
12890.651997
12620.395847
12417.375347
11459.151097
9278.266597
6714.999597
5199.172397
3432.894897
1756.833897
-317.328102
-2260.782802
-3351.270902
-3957.181652
-4000.416127
-3657.120908
-2203.780508
-1717.943558
-469.016657
1550.657343
3817.885342
6598.224842
9107.983842
11681.183842
13886.061843
15381.854142
16222.188692
16825.105692
17012.784293
16268.622992
14792.927942
13111.234942
10970.824942
8796.761442
6460.608942
4677.408942
3204.515392
2227.235892
961.026942
-184.070508
-695.203767
-246.308302
379.734649
1119.532698
2322.427348
3082.242149
3759.301898
4519.631799
5576.682849
7026.007899
7562.645108
7577.562308
7724.656949
7694.727916
7564.495746
6903.187246
7126.530616
6648.163817
6300.695416
5752.552616
5547.561076
6334.278876
7036.265026
7681.596277
8692.415976
9843.883576
10420.784927
10762.581266
10690.395780
11029.546353
10837.143594
10152.545643
8896.566294
7554.452393
6604.757894
5144.193944
4101.488293
3605.639194
2976.994993
1845.268993
696.125293
192.209004
795.992774
911.816580
1492.783381
2432.459780
4281.068781
5550.848280
6833.849480
8735.189981
10769.093481
11730.416521
11817.408881
11856.700232
12181.515283
11805.129073
10660.805873
10146.425423
9254.937523
8190.829473
6540.915122
5514.046123
4996.938423
4470.710472
3977.974873
3608.359303
4031.184953
4463.583453
4662.994968
5126.184317
6253.044618
7350.352568
7876.503967
8113.120118
8266.650368
8608.096913
8445.803239
8032.317684
8336.254328
8162.005009
7005.828009
5966.812259
5472.904909
5160.654859
4752.452569
4573.534099
4707.320722
5327.854422
5542.679411
6079.113411
7190.432712
8576.500011
9285.511812
9602.925561
9869.020011
10124.148711
10019.792582
9363.515633
8796.850382
8398.261082
7619.634532
6411.960732
5825.290932
5120.141783
4797.614183
4306.882483
4295.129899
4605.512409
4966.495799
5047.912185
5750.499145
7206.753145
8536.021595
9616.791995
10189.854745
11302.316295
12072.039595
12116.526859
12377.761437
11917.006337
11148.826487
9555.377987
7692.780487
6209.323987
4686.674487
3169.650487
1990.386087
1660.815387
1155.211337
834.306317
1164.078397
2049.138197
3109.289597
4499.617947
5784.677297
7155.858597
8854.232097
10162.444997
11552.542097
13198.655597
14311.750647
14787.959447
14723.642037
14168.676487
13313.373687
12296.912837
11134.562387
9126.878387
7774.694287
6106.744287
4616.982787
3683.514887
3197.453302
3076.059877
2764.540927
2882.847627
3159.615202
3725.155087
3885.225581
4734.427226
5624.898176
6319.192926
6986.295076
7280.337576
7875.540976
8169.940776
8334.789081
8553.285246
8518.762603
8568.942688
8242.357633
8316.789696
8419.875721
8944.609176
9484.746076
10068.221576
10432.136326
10927.794726
11514.280626
11805.978676
12234.236676
12407.404616
12647.625766
11786.363086
10977.889736
10192.246786
8954.515986
7712.444986
5805.761986
4384.833986
3129.171986
1549.372486
625.774286
154.777886
345.643221
549.799806
1022.588556
2158.943006
3644.843006
5214.889506
6845.063506
8702.893006
10556.461506
12151.304006
13387.046206
14343.156206
15245.588356
15935.544856
16008.368866
15283.786966
15034.648766
13345.173466
11815.875466
9997.427466
8815.857816
7416.875666
5783.928416
4836.242966
3922.312391
3794.646696
3332.225726
3500.403233
4110.121933
4781.058733
5008.286943
5338.840128
5998.143328
6791.426178
7011.999478
7420.569218
8021.648118
8211.511858
8296.450908
8132.525443
8364.295968
8755.546828
8636.882673
8662.626831
8699.829240
8651.047077
9061.466817
9413.499967
10078.387717
10900.597467
11542.047817
11800.547533
12179.709453
12546.599053
12511.718240
12211.567740
11466.965190
10696.304940
9249.528290
7893.027090
6504.235190
5542.425840
4720.751940
3555.281740
3056.831000
2543.690500
2486.927507
2683.092427
3222.358027
4432.772927
5574.466177
6805.667777
8215.381377
9757.210077
11247.465277
12385.406777
13522.414227
14152.906227
14539.218767
14289.482117
13675.620017
13031.648867
12165.870917
10917.356417
9611.870317
8160.673267
7027.506317
5499.835117
5082.079427
4470.054877
4374.676421
4542.588686
4839.478296
5553.208396
6595.274496
7694.549146
8788.081246
9733.192146
10744.396246
11059.408309
11315.504179
11777.278744
11700.301680
11535.226034
11020.335534
10389.484934
9627.401984
8863.423184
7917.977584
7112.154634
6642.530384
6154.347584
5650.769784
5574.126192
5864.966142
6319.065742
7327.221942
8004.924242
9073.465442
9522.614342
9981.941732
10514.989082
10693.412498
10865.876378
10492.705388
10060.462038
9618.218688
8876.398188
8533.262098
8059.878748
7687.575808
7779.523339
7393.469604
7547.608039
7182.274659
7917.631329
8365.426789
8761.257139
9430.641989
9895.310139
10774.106989
10831.266323
11171.343073
11505.809643
11246.356143
11031.040281
10008.748281
9360.008881
8471.316131
7270.790681
6318.459181
5573.166881
5021.876331
4573.600031
4205.959681
4348.267971
5003.369221
5844.326721
6745.795121
7714.352971
9023.172371
10162.974421
11075.232171
12211.132571
13103.279971
14033.058771
14064.961116
13821.929506
13583.005636
13177.752746
12338.694396
11564.576546
10592.253996
9451.659596
8323.546196
7132.172846
6514.431596
5921.586896
5531.313896
5264.959121
5522.372894
5943.945394
6375.547144
6720.160744
7487.626244
8192.682694
8714.103944
8928.732844
9126.084524
9199.004894
9236.641534
8865.965879
9065.008654
8680.255484
8465.903674
8356.669374
8246.114032
8841.516682
9010.845448
9664.026498
10025.356948
10660.810098
11106.084398
11771.039698
12760.241298
13243.951858
13800.445208
13990.866646
13842.330566
13440.079141
12500.954891
11809.125141
10423.202591
9078.269691
7534.540991
5750.478991
4417.298591
2834.903091
2070.625991
1549.882356
1628.298631
1815.328931
2455.846781
3497.204981
5095.450481
6778.900481
8575.554481
10360.860481
11996.096481
13824.728981
15056.733231
16047.539481
16992.279781
17311.402431
17096.324941
16586.005141
15552.567241
14333.930641
12603.509241
11171.333241
9703.620741
8239.150841
6602.947841
5428.148941
4665.971791
4192.801741
3906.523016
4200.456021
4597.904321
5028.223171
5597.723721
6517.246021
7720.088371
8325.393121
9145.803871
9829.585171
10343.790971
10633.282721
10718.312521
10967.773556
10930.402027
10849.080552
10983.028511
10986.497061
10857.994671
10575.992591
10677.336419
10988.116469
11184.663119
11038.552519
10933.143836
11153.829601
11183.121848
11341.188055
11231.087910
10937.691720
10357.746270
9776.366120
8956.193020
8481.352920
7732.601070
6745.899170
6156.705420
5504.830320
5640.186225
5510.552002
5746.369561
6412.720261
7366.310611
8399.299211
9068.597761
9952.869361
11043.120261
11873.177911
12784.579411
13264.639261
13711.151846
13735.980755
13374.307355
12810.492655
12360.761455
11774.016605
10624.326105
9503.580155
8281.391255
7354.854505
6498.294255
5922.252705
5347.631885
5745.036795
5892.328873
6422.835673
7447.616523
8610.030573
9546.549023
10541.295523
11757.362423
12542.448323
13388.984573
13131.225953
13177.094283
13364.686653
13013.139953
11970.095553
11078.530503
10070.222853
9326.525103
8241.768203
7387.213903
6724.397603
6324.885353
5859.136553
6045.826728
6282.162578
6968.119678
7825.422378
8556.042378
9872.813928
10586.353478
11435.499528
12075.210328
12307.362338
12757.043298
12915.726730
12629.026305
11967.408305
11357.143505
10867.938555
9889.456905
9298.693205
8615.554205
8174.652278
8134.758283
7581.851538
7942.130373
8531.663573
8852.841223
9451.330173
10230.319323
10933.363773
11622.491373
11972.863023
12400.189673
12622.090369
12561.926486
12348.115791
11724.767341
11295.664291
10285.550141
9567.603141
8497.334641
7822.540441
7064.445141
6044.875241
5581.906641
5604.945287
6033.841482
6526.853482
7239.730532
8178.626832
9308.414532
10336.981932
11590.950482
12404.953632
13252.550782
13708.314482
14084.505982
14206.909849
14083.635166
13815.951351
13476.371751
12941.048801
12250.779501
11399.469451
10492.983201
9439.053701
8599.112601
8154.300951
7580.114101
7260.343051
7055.694121
7345.609981
7537.542466
7653.920607
8188.395257
8491.418508
8745.250993
8891.587653
9060.154683
9374.702723
9225.896593
9273.952873
9358.508603
9383.683648
9459.116490
9462.137985
9993.176320
10419.030970
10919.553920
11547.623270
12108.552420
12739.597370
12943.802723
13684.443623
14320.303123
14717.366523
14347.830513
14170.222823
13582.779473
13080.581123
12024.277873
10854.523373
9647.542123
8145.619623
6859.701723
5515.107723
4592.646973
3710.715223
3137.422123
3026.641133
3483.794933
4148.775983
5243.557033
6419.034233
7921.240033
9926.328033
11762.404033
13213.904033
14647.333033
15942.635883
16925.508633
17369.630503
17452.137273
17435.848073
16622.473273
15419.175823
13926.053623
12948.618723
11255.977723
9681.920723
8227.392123
7007.035623
6209.747923
5322.320773
5197.234583
5050.974955
5494.280455
5827.264025
6654.311825
7733.084525
8708.282225
9918.618625
10954.402375
11710.959225
12383.768375
12960.893875
12782.961670
12676.757005
12650.866165
12129.728615
11857.920245
11126.644745
10967.743385
10370.812535
9973.700435
9947.018270
9834.531580
10062.191585
10077.354095
10440.120575
10650.888005
11037.245255
11372.416205
11888.167755
12043.462407
12167.728696
12057.261516
11992.062931
11522.515146
11120.686686
10800.185336
10090.418536
9567.919236
8938.575436
8644.801736
8477.063276
8354.886076
8704.869426
9201.390076
9729.315376
10142.086576
10779.677326
11578.983826
12068.340326
12687.538126
13069.890976
13195.230875
13396.955735
12877.367385
12694.933125
12344.195305
11830.961055
10966.642705
10511.425455
9694.428555
9043.594960
8814.932295
8357.681265
8652.454565
8669.546845
9067.404945
9492.635995
10360.355395
11020.845445
11808.438445
12513.271945
13077.409195
13679.903495
13821.336295
13724.288278
13855.126888
13382.166688
12891.391688
12014.565638
11331.591888
10507.784938
9742.033138
9071.232688
8637.392888
8398.281778
8167.699208
8399.351058
8645.500158
9316.545358
9565.481598
10325.682698
11212.024998
11874.255448
12513.850348
12933.959148
13338.923388
13257.094408
13487.364027
12957.816392
12362.241242
11773.752792
11039.466942
10447.967842
9778.192792
9359.679842
9025.977192
8731.578012
8864.224474
9331.895624
9744.616324
10213.851424
11213.422274
12105.054874
